          0.125      -2842.272       1339.056
          0.130      -2687.130       1222.362
          0.135      -2545.054       1118.688
          0.140      -2415.796       1025.084
          0.145      -2289.625        935.203
          0.150      -2184.472        858.323
          0.155      -2080.710        788.800
          0.160      -1978.076        728.624
          0.165      -1886.211        675.171
          0.170      -1795.973        626.252
          0.175      -1715.878        582.708
          0.180      -1637.466        541.036
          0.185      -1568.697        502.854
          0.190      -1493.217        466.541
          0.195      -1434.582        435.394
          0.200      -1376.841        406.725
          0.210      -1264.099        356.918
          0.220      -1155.229        316.315
          0.230      -1063.989        282.414
          0.240       -988.834        254.044
          0.250       -916.203        228.628
          0.260       -846.191        205.510
          0.270       -784.423        185.500
          0.280       -730.286        168.150
          0.290       -683.210        153.171
          0.300       -637.603        139.649
          0.310       -598.400        127.920
          0.320       -565.104        118.114
          0.330       -528.078        108.662
          0.340       -501.223        100.890
          0.350       -475.026         93.776
          0.360       -449.504         87.160
          0.370       -424.656         81.061
          0.380       -404.521         75.790
          0.390       -384.850         70.920
          0.400       -365.654         66.355
          0.420       -332.336         58.487
          0.440       -304.054         51.870
          0.460       -280.338         46.334
          0.480       -257.554         41.441
          0.500       -238.798         37.355
          0.520       -220.733         33.674
          0.540       -206.230         30.614
          0.560       -192.206         27.856
          0.580       -178.663         25.380
          0.600       -168.197         23.296
          0.619       -143.277         20.400
          0.640       -143.349         19.368
          0.658       -141.022         18.255
          0.678       -131.717         16.790
          0.698       -124.956         15.590
          0.718       -118.368         14.497
          0.737       -111.956         13.483
          0.757       -105.719         12.545
          0.777       -101.670         11.777
          0.797        -95.924         10.968
          0.823        -91.488         10.289
          0.843        -87.344          9.641
          0.862        -83.479          9.022
          0.882        -80.058          8.476
          0.895        -76.707          7.963
          0.902        -73.598          7.490
          0.941        -70.721          7.056
          0.961        -67.900          6.649
          0.981        -65.297          6.294
          1.001        -76.775          6.525
          1.099        -62.788          4.948
          1.198        -49.911          3.846
          1.297        -41.805          3.054
          1.402        -34.530          2.470
          1.501        -29.017          2.027
          1.600        -23.589          1.691
          1.698        -18.896          1.427
          1.797        -14.414          1.216
          1.896         -9.895          1.046
          2.199         -8.201          1.763
          2.298         -6.290          2.042
          2.396         -4.125          2.578
          2.502         -2.547          3.371
          2.600         -1.683          4.461
          2.699         -1.374          5.265
          2.798         -1.185          5.948
          2.897         -1.152          6.270
          3.002         -1.157          6.407
          3.101         -1.077          6.486
          3.199         -0.946          6.482
          3.298         -0.756          6.465
          3.397         -0.522          6.390
          3.502         -0.388          6.431
          3.601         -0.289          6.520
          3.700         -0.227          6.689
          3.799         -0.200          6.851
          3.897         -0.240          7.007
          3.996         -0.322          7.013
          4.101         -0.403          6.958
          4.200         -0.525          6.813
          4.299         -0.575          6.620
          4.398         -0.686          6.361
          4.496         -0.714          6.104
          4.602         -0.766          5.823
          4.700         -0.793          5.516
          4.799         -0.793          5.258
          4.898         -0.663          5.060
          4.997         -0.474          4.856
          5.095         -0.344          4.700
          5.201         -0.242          4.557
          5.300         -0.143          4.415
          5.398         -0.070          4.298
          5.497          0.231          4.384
          5.596          0.069          4.090
          5.701          0.141          3.992
          5.800          0.190          3.906
          5.899          0.249          3.832
          5.997          0.316          3.714
          6.195          0.560          3.468
          6.353          0.659          3.332
          6.524          0.748          3.239
          6.715          0.854          3.193
          6.912          0.984          3.190
          7.110          1.105          3.210
          7.307          1.162          3.251
          7.505          1.091          3.305
          7.768          0.976          3.280
          7.966          0.875          3.213
          8.295          0.799          3.127
          8.558          0.735          3.019
          8.822          0.700          2.916
          8.887          0.698          2.892
          8.953          0.693          2.870
          9.019          0.690          2.846
          9.085          0.681          2.818
          9.151          0.674          2.799
          9.217          0.672          2.776
          9.348          0.673          2.747
          9.414          0.672          2.720
          9.480          0.669          2.697
          9.546          0.670          2.668
          9.612          0.666          2.652
          9.677          0.666          2.631
          9.743          0.667          2.603
          9.809          0.664          2.580
          9.941          0.663          2.555
         10.007          0.664          2.527
         10.072          0.661          2.504
         10.138          0.662          2.477
         10.270          0.665          2.447
         10.336          0.662          2.424
         10.402          0.663          2.397
         10.533          0.660          2.375
         10.599          0.668          2.349
         10.665          0.668          2.323
         10.797          0.662          2.306
         10.862          0.658          2.284
         10.994          0.658          2.264
         11.060          0.665          2.239
         11.192          0.673          2.219
         11.257          0.683          2.200
         11.389          0.691          2.179
         11.455          0.700          2.156
         11.587          0.713          2.139
         11.718          0.724          2.118
         11.784          0.733          2.105
         11.916          0.737          2.090
         12.047          0.744          2.069
         12.179          0.745          2.052
         12.245          0.748          2.033
         12.377          0.741          2.006
         12.508          0.726          1.978
         12.640          0.710          1.949
         12.772          0.692          1.926
         12.903          0.673          1.898
         13.035          0.649          1.868
         13.167          0.624          1.840
         13.298          0.602          1.814
         13.496          0.582          1.789
         13.627          0.568          1.762
         13.759          0.551          1.740
         13.957          0.538          1.713
         14.088          0.522          1.688
         14.220          0.511          1.664
         14.417          0.500          1.643
         14.549          0.498          1.624
         14.747          0.491          1.603
         14.944          0.490          1.587
         15.142          0.491          1.568
         15.273          0.495          1.549
         15.471          0.504          1.533
         15.668          0.511          1.519
         15.866          0.524          1.501
         16.129          0.540          1.482
         16.327          0.553          1.469
         16.524          0.571          1.454
         16.722          0.592          1.447
         16.985          0.610          1.438
         17.182          0.633          1.438
         17.446          0.661          1.442
         17.709          0.696          1.458
         17.972          0.721          1.480
         18.236          0.753          1.521
         18.499          0.784          1.562
         18.762          0.810          1.596
         19.092          0.830          1.640
         19.355          0.806          1.689
         19.684          0.767          1.730
         20.013          0.720          1.765
         20.342          0.654          1.803
         20.671          0.578          1.810
         21.001          0.488          1.801
         21.396          0.404          1.777
         21.725          0.322          1.737
         22.120          0.251          1.671
         22.515          0.197          1.596
         22.976          0.157          1.510
         23.371          0.160          1.415
         23.831          0.213          1.291
         24.292          0.257          1.195
         24.819          0.306          1.097
         25.280          0.356          1.015
         25.806          0.396          0.956
         26.004          0.342          1.217
         26.399          0.431          0.937
         26.991          0.398          1.137
         27.979          0.443          1.094
         28.966          0.460          1.084
         29.493          0.449          1.082
         30.020          0.423          1.070
         30.481          0.396          1.046
         31.007          0.369          1.014
         31.995          0.323          0.918
         32.982          0.345          0.804
         33.970          0.383          0.737
         35.023          0.420          0.687
         36.011          0.446          0.651
         36.998          0.468          0.616
         37.986          0.488          0.587
         38.973          0.504          0.560
         40.026          0.520          0.531
         41.014          0.538          0.507
         42.001          0.555          0.487
         42.989          0.566          0.471
         43.976          0.572          0.455
         44.964          0.575          0.435
         46.017          0.584          0.409
         47.005          0.598          0.385
         47.992          0.612          0.366
         48.980          0.629          0.350
         49.967          0.644          0.338
         52.008          0.668          0.319
         53.983          0.687          0.305
         55.958          0.703          0.293
         57.999          0.714          0.286
         59.974          0.719          0.280
         61.949          0.714          0.268
         63.989          0.713          0.252
         65.833          0.714          0.233
         67.808          0.716          0.212
         69.783          0.722          0.192
         71.758          0.733          0.172
         73.733          0.747          0.161
         75.708          0.755          0.152
         77.683          0.759          0.143
         79.658          0.765          0.132
         82.291          0.772          0.120
         82.949          0.777          0.115
         83.608          0.779          0.113
         84.266          0.785          0.112
         84.332          0.784          0.116
         84.924          0.783          0.115
         86.241          0.781          0.109
         86.899          0.783          0.102
         87.558          0.785          0.099
         88.216          0.787          0.099
        100.066          0.788          0.081
        104.674          0.809          0.064
        109.941          0.829          0.052
        119.816          0.863          0.033
        150.099          0.927          0.019
        179.724          0.958          0.021
        200.132          0.966          0.023
        219.881          0.972          0.023
        260.039          0.976          0.021
        300.197          0.982          0.018
        394.997          0.990          0.012
        452.271          0.992          0.012
        500.329          0.992          0.011
        524.687          0.992          0.007
        572.745          0.993          0.006
        637.261          0.993          0.005
        704.411          0.994          0.005
        776.827          0.995          0.004
        849.243          0.995          0.003
        928.242          0.996          0.002
       1013.825          0.996          0.002
       1184.990          0.997          0.001
       1250.823          0.998          0.001
       1487.821          0.998          0.001
       1547.070          0.998          0.001
       1770.902          0.999          0.000
       2067.149          0.999          0.000
       2481.896          0.999          0.000
       3100.724          1.000          0.000
       3541.804          1.000          0.000
       4134.299          1.000          0.000
       4957.209          1.000          0.000
       6194.865          1.000          0.000
       7109.941          1.000          0.000
       8294.931          1.000          0.000
       8558.262          1.000          0.000
       9150.757          1.000          0.000
       9940.750          1.000          0.000
