       0.151E+20      0.9999439      0.0000048
       0.139E+20      0.9999330      0.0000063
       0.130E+20      0.9999216      0.0000080
       0.126E+20      0.9999156      0.0000090
       0.108E+20      0.9998831      0.0000156
       0.941E+19      0.9998454      0.0000250
       0.753E+19      0.9997580      0.0000550
       0.628E+19      0.9996620      0.0001050
       0.538E+19      0.9995881      0.0001814
       0.471E+19      0.9995380      0.0002399
       0.377E+19      0.9994120      0.0004719
       0.314E+19      0.9992741      0.0001975
       0.269E+19      0.9987904      0.0003358
       0.235E+19      0.9983127      0.0005335
       0.226E+19      0.9981707      0.0006194
       0.190E+19      0.9977011      0.0008790
       0.180E+19      0.9974213      0.0010646
       0.154E+19      0.9964024      0.0018766
       0.141E+19      0.9957629      0.0024548
       0.129E+19      0.9951833      0.0031324
       0.118E+19      0.9946837      0.0037101
       0.107E+19      0.9941631      0.0046663
       0.968E+18      0.9933040      0.0053420
       0.870E+18      0.9930440      0.0056802
       0.797E+18      0.9924800      0.0074917
       0.760E+18      0.9919846      0.0111552
       0.687E+18      0.9918194      0.0121502
       0.600E+18      0.9904847      0.0122416
       0.456E+18      0.9820009      0.0177389
       0.395E+18      0.9760316      0.0209456
       0.334E+18      0.9720567      0.0232696
       0.304E+18      0.9661567      0.0226090
       0.273E+18      0.9583265      0.0209506
       0.228E+18      0.9272670      0.0194526
       0.182E+18      0.8627242      0.0330724
       0.167E+18      0.8291202      0.0515626
       0.159E+18      0.8087538      0.0635400
       0.152E+18      0.7882599      0.0807212
       0.134E+18      0.7872518      0.0985012
       0.133E+18      0.7854304      0.0991008
       0.132E+18      0.7834513      0.1021824
       0.131E+18      0.7812383      0.1086236
       0.129E+18      0.7825700      0.1149552
       0.1281E+18      0.7842669      0.1161504
       0.128E+18      0.7845371      0.1124208
       0.127E+18      0.7791673      0.1127490
       0.126E+18      0.7771919      0.1154504
       0.125E+18      0.7715097      0.1201684
       0.121E+18      0.7652290      0.1320512
       0.118E+18      0.7589338      0.1431500
       0.115E+18      0.7545426      0.1520766
       0.112E+18      0.7465677      0.1611126
       0.109E+18      0.7331039      0.1718828
       0.106E+18      0.7219050      0.1919680
       0.103E+18      0.7156490      0.2120400
       0.100E+18      0.7142400      0.2328320
       0.972E+17      0.7128400      0.2519580
       0.941E+17      0.7135450      0.2680080
       0.911E+17      0.7185249      0.2796120
       0.881E+17      0.7137650      0.2858520
       0.850E+17      0.7034950      0.2927520
       0.820E+17      0.6867040      0.3052800
       0.790E+17      0.6678210      0.3188200
       0.759E+17      0.6439680      0.3378240
       0.744E+17      0.6286719      0.3497460
       0.729E+17      0.6119710      0.3663000
       0.714E+17      0.5978370      0.3850840
       0.699E+17      0.5835090      0.4089400
       0.683E+17      0.5751250      0.4347000
       0.668E+17      0.5717250      0.4551480
       0.653E+17      0.5659850      0.4712880
       0.638E+17      0.5546070      0.4872240
       0.623E+17      0.5379120      0.5065660
       0.608E+17      0.5204690      0.5310600
       0.592E+17      0.5042400      0.5598580
       0.577E+17      0.4880400      0.5869220
       0.562E+17      0.4680630      0.6162160
       0.547E+17      0.4464000      0.6508080
       0.532E+17      0.4203680      0.6874740
       0.516E+17      0.3831120      0.7369339
       0.501E+17      0.3447360      0.8044300
       0.486E+17      0.3231250      0.9177000
       0.471E+17      0.3689850      1.0143920
       0.463E+17      0.3956990      1.0457400
       0.456E+17      0.4231600      1.0697221
       0.448E+17      0.4487990      1.0818000
       0.440E+17      0.4602240      1.0841899
       0.425E+17      0.4433520      1.0938140
       0.410E+17      0.3978000      1.1366500
       0.401E+17      0.4307210      0.9370800
       0.395E+17      0.3417750      1.2167680
       0.392E+17      0.3964910      0.9559800
       0.384E+17      0.3557160      1.0152000
       0.377E+17      0.3064751      1.0965000
       0.369E+17      0.2565750      1.1954000
       0.362E+17      0.2127839      1.2905600
       0.355E+17      0.1600749      1.4151000
       0.349E+17      0.1566001      1.5097500
       0.342E+17      0.1969000      1.5960000
       0.336E+17      0.2511210      1.6705600
       0.330E+17      0.3219839      1.7373999
       0.325E+17      0.4040609      1.7766199
       0.319E+17      0.4883251      1.8011000
       0.314E+17      0.5778000      1.8097382
       0.309E+17      0.6539308      1.8030599
       0.304E+17      0.7204161      1.7648400
       0.299E+17      0.7669090      1.7295001
       0.294E+17      0.8057488      1.6892200
       0.290E+17      0.8299249      1.6400999
       0.285E+17      0.8096000      1.5960000
       0.281E+17      0.7839890      1.5615001
       0.277E+17      0.7534800      1.5210179
       0.273E+17      0.7213441      1.4796801
       0.269E+17      0.6959412      1.4577000
       0.265E+17      0.6611999      1.4416000
       0.261E+17      0.6332749      1.4384999
       0.258E+17      0.6096641      1.4379600
       0.254E+17      0.5916349      1.4469720
       0.251E+17      0.5714730      1.4544640
       0.248E+17      0.5525309      1.4687799
       0.245E+17      0.5404410      1.4817601
       0.241E+17      0.5238839      1.5008800
       0.238E+17      0.5106630      1.5193840
       0.235E+17      0.5038161      1.5332100
       0.232E+17      0.4953960      1.5491199
       0.230E+17      0.4910080      1.5680940
       0.227E+17      0.4901439      1.5866098
       0.224E+17      0.4907810      1.6031400
       0.221E+17      0.4976790      1.6243999
       0.219E+17      0.5004090      1.6426799
       0.216E+17      0.5110650      1.6636479
       0.214E+17      0.5223792      1.6884600
       0.212E+17      0.5375511      1.7128800
       0.209E+17      0.5512961      1.7396400
       0.207E+17      0.5683991      1.7622000
       0.205E+17      0.5824640      1.7893200
       0.202E+17      0.6021601      1.8137782
       0.200E+17      0.6243451      1.8399919
       0.198E+17      0.6490911      1.8679800
       0.196E+17      0.6725201      1.8984420
       0.194E+17      0.6915709      1.9258200
       0.192E+17      0.7101239      1.9493599
       0.190E+17      0.7255392      1.9777800
       0.188E+17      0.7411041      2.0064001
       0.186E+17      0.7478850      2.0325880
       0.185E+17      0.7449961      2.0521600
       0.183E+17      0.7437602      2.0693781
       0.181E+17      0.7366251      2.0898001
       0.179E+17      0.7328640      2.1054101
       0.178E+17      0.7241890      2.1175799
       0.176E+17      0.7126401      2.1388083
       0.174E+17      0.7002991      2.1558602
       0.173E+17      0.6909510      2.1789200
       0.171E+17      0.6832840      2.1996000
       0.170E+17      0.6730801      2.2185221
       0.168E+17      0.6652291      2.2393000
       0.167E+17      0.6579002      2.2644320
       0.165E+17      0.6584950      2.2841280
       0.164E+17      0.6615450      2.3057680
       0.162E+17      0.6683390      2.3225400
       0.161E+17      0.6676450      2.3493478
       0.160E+17      0.6600000      2.3750000
       0.158E+17      0.6630000      2.3970499
       0.157E+17      0.6621559      2.4242401
       0.156E+17      0.6651359      2.4465101
       0.154E+17      0.6622749      2.4765000
       0.153E+17      0.6613010      2.5040998
       0.152E+17      0.6642309      2.5267198
       0.151E+17      0.6631889      2.5545800
       0.149E+17      0.6640999      2.5799999
       0.148E+17      0.6669999      2.6029499
       0.147E+17      0.6658559      2.6311998
       0.146E+17      0.6661271      2.6523359
       0.145E+17      0.6704640      2.6683199
       0.144E+17      0.6692400      2.6969018
       0.143E+17      0.6721000      2.7203517
       0.142E+17      0.6728849      2.7465479
       0.140E+17      0.6715590      2.7755198
       0.139E+17      0.6743889      2.7992997
       0.138E+17      0.6814352      2.8178279
       0.137E+17      0.6896611      2.8460200
       0.136E+17      0.6925312      2.8701000
       0.135E+17      0.6975360      2.8915701
       0.134E+17      0.7004160      2.9158401
       0.130E+17      0.7350751      3.0187080
       0.126E+17      0.7991571      3.1274760
       0.121E+17      0.8748360      3.2132003
       0.118E+17      0.9760532      3.2803960
       0.114E+17      1.0914948      3.3052320
       0.111E+17      1.1624610      3.2506602
       0.108E+17      1.1050999      3.2100000
       0.105E+17      0.9836750      3.1899002
       0.102E+17      0.8539151      3.1925881
       0.991E+16      0.7481042      3.2392900
       0.965E+16      0.6588762      3.3321600
       0.941E+16      0.5601041      3.4676101
       0.911E+16      0.3164482      3.7142642
       0.896E+16      0.2492998      3.8323998
       0.881E+16      0.1901282      3.9064960
       0.866E+16      0.1412999      3.9918880
       0.850E+16      0.0686401      4.0895119
       0.835E+16      0.2310359      4.3836799
       0.820E+16     -0.0703681      4.2980242
       0.805E+16     -0.1426559      4.4152398
       0.790E+16     -0.2415998      4.5570002
       0.774E+16     -0.3436160      4.7000403
       0.759E+16     -0.4742402      4.8556480
       0.744E+16     -0.6631038      5.0600400
       0.729E+16     -0.7934883      5.2579837
       0.714E+16     -0.7925401      5.5161281
       0.699E+16     -0.7660800      5.8231125
       0.683E+16     -0.7140000      6.1041918
       0.668E+16     -0.6858237      6.3611603
       0.653E+16     -0.5754359      6.6195998
       0.638E+16     -0.5245479      6.8127360
       0.623E+16     -0.4030557      6.9580798
       0.607E+16     -0.3221559      7.0125604
       0.592E+16     -0.2396161      7.0067201
       0.577E+16     -0.1999081      6.8509440
       0.562E+16     -0.2267961      6.6885600
       0.547E+16     -0.2889597      6.5200720
       0.532E+16     -0.3875042      6.4310403
       0.516E+16     -0.5223881      6.3903837
       0.501E+16     -0.7564201      6.4651518
       0.486E+16     -0.9458199      6.4817281
       0.471E+16     -1.0769719      6.4860959
       0.456E+16     -1.1572677      6.4065762
       0.440E+16     -1.1521441      6.2700806
       0.425E+16     -1.1853720      5.9480963
       0.410E+16     -1.3742398      5.2647920
       0.395E+16     -1.6830521      4.4612641
       0.380E+16     -2.5465441      3.3708801
       0.364E+16     -4.1247354      2.5779197
       0.349E+16     -6.2899957      2.0421600
       0.334E+16     -8.2007647      1.7625600
       0.288E+16     -9.8949442      1.0458000
       0.273E+16    -14.4144001      1.2160000
       0.258E+16    -18.8956032      1.4268000
       0.243E+16    -23.5893250      1.6912800
       0.228E+16    -29.0167542      2.0266399
       0.213E+16    -34.5303001      2.4696000
       0.197E+16    -41.8052025      3.0538399
       0.182E+16    -49.9109192      3.8460803
       0.167E+16    -62.7875519      4.9483199
       0.152E+16    -76.7745209      6.5248804
       0.149E+16    -65.2967834      6.2940202
       0.146E+16    -67.9000931      6.6494999
       0.143E+16    -70.7208405      7.0559602
       0.137E+16    -73.5980072      7.4904799
       0.136E+16    -76.7067947      7.9631605
       0.134E+16    -80.0578690      8.4761600
       0.131E+16    -83.4794464      9.0218992
       0.128E+16    -87.3443680      9.6407995
       0.125E+16    -91.4880295     10.2889204
       0.121E+16    -95.9236298     10.9675808
       0.118E+16   -101.6701202     11.7766008
       0.115E+16   -105.7191238     12.5454006
       0.112E+16   -111.9555130     13.4832001
       0.109E+16   -118.3677673     14.4969997
       0.106E+16   -124.9555817     15.5903997
       0.103E+16   -131.7171021     16.7900009
       0.100E+16   -141.0216980     18.2546005
       0.972E+15   -143.3487549     19.3680000
       0.941E+15   -143.2774963     20.4000015
       0.911E+15   -168.1971893     23.2960014
       0.881E+15   -178.6631775     25.3796005
       0.850E+15   -192.2059784     27.8555984
       0.820E+15   -206.2300262     30.6143990
       0.790E+15   -220.7330933     33.6739998
       0.759E+15   -238.7979736     37.3549995
       0.729E+15   -257.5536499     41.4413986
       0.699E+15   -280.3383484     46.3343964
       0.668E+15   -304.0536804     51.8699989
       0.638E+15   -332.3363647     58.4868011
       0.607E+15   -365.6540527     66.3552017
       0.592E+15   -384.8500366     70.9199982
       0.577E+15   -404.5206604     75.7904053
       0.562E+15   -424.6562805     81.0612030
       0.547E+15   -449.5038452     87.1595993
       0.532E+15   -475.0260925     93.7758026
       0.516E+15   -501.2234497    100.8900070
       0.501E+15   -528.0781250    108.6623993
       0.486E+15   -565.1041260    118.1137924
       0.471E+15   -598.4000244    127.9199982
       0.456E+15   -637.6029663    139.6492004
       0.440E+15   -683.2102051    153.1711884
       0.425E+15   -730.2857666    168.1504059
       0.410E+15   -784.4225464    185.4996033
       0.395E+15   -846.1909180    205.5101929
       0.380E+15   -916.2025146    228.6279907
       0.364E+15   -988.8339844    254.0438080
       0.349E+15  -1063.9888916    282.4136047
       0.334E+15  -1155.2286377    316.3146057
       0.319E+15  -1264.0992432    356.9178162
       0.304E+15  -1376.8410645    406.7249756
       0.296E+15  -1434.5820313    435.3943787
       0.288E+15  -1493.2166748    466.5411987
       0.281E+15  -1568.6970215    502.8539734
       0.273E+15  -1637.4664307    541.0360107
       0.266E+15  -1715.8780518    582.7080078
       0.258E+15  -1795.9725342    626.2520142
       0.251E+15  -1886.2108154    675.1710205
       0.243E+15  -1978.0764160    728.6240234
       0.235E+15  -2080.7102051    788.8000488
       0.228E+15  -2184.4716797    858.3231812
       0.220E+15  -2289.6252441    935.2031860
       0.213E+15  -2415.7958984   1025.0839844
       0.205E+15  -2545.0541992   1118.6879883
       0.197E+15  -2687.1296387   1222.3619385
       0.190E+15  -2842.2724609   1339.0560303
